
 ***** ESTIMATION WITH ANALYTICAL GRADIENT ***** 


     I     INITIAL X(I)        D(I)

     1     2.840482e-04     1.000e+00
     2     5.000000e-02     1.000e+00
     3     5.000000e-02     1.000e+00

    IT   NF      F         RELDF    PRELDF    RELDX   STPPAR   D*STEP   NPRELDF
     0    1 -3.325e+03
     1    7 -3.327e+03  4.16e-04  6.03e-04  1.6e-04  7.4e+09  1.6e-05  2.25e+06
     2    8 -3.327e+03  5.05e-05  6.09e-05  1.3e-04  2.0e+00  1.6e-05  1.88e+01
     3    9 -3.327e+03  3.58e-06  3.69e-06  1.6e-04  2.0e+00  1.6e-05  1.86e+01
     4   17 -3.358e+03  9.32e-03  1.63e-02  6.0e-01  2.0e+00  1.6e-01  1.85e+01
     5   19 -3.397e+03  1.16e-02  1.16e-02  3.0e-01  2.0e+00  1.6e-01  1.04e+01
     6   21 -3.457e+03  1.72e-02  1.43e-02  3.8e-01  1.8e+00  3.1e-01  2.83e-01
     7   33 -3.468e+03  3.24e-03  1.16e-02  2.3e-05  3.3e+00  2.4e-05  4.11e+01
     8   43 -3.481e+03  3.72e-03  3.53e-03  5.0e-02  2.0e+00  5.9e-02  2.14e+01
     9   49 -3.483e+03  4.09e-04  6.81e-04  4.1e-06  1.6e+03  4.6e-06  1.14e+00
    10   50 -3.483e+03  6.95e-06  9.09e-06  3.9e-06  2.0e+00  4.6e-06  3.10e-02
    11   51 -3.483e+03  7.00e-07  6.99e-07  4.0e-06  2.0e+00  4.6e-06  3.05e-02
    12   59 -3.494e+03  3.20e-03  4.14e-03  6.1e-02  1.6e+00  7.6e-02  3.04e-02
    13   60 -3.502e+03  2.27e-03  2.06e-03  5.2e-02  3.2e-01  7.6e-02  2.18e-03
    14   62 -3.514e+03  3.52e-03  3.41e-03  8.9e-02  0.0e+00  1.6e-01  3.41e-03
    15   64 -3.543e+03  8.20e-03  5.90e-03  8.4e-02  0.0e+00  1.6e-01  1.12e-02
    16   67 -3.543e+03  8.06e-05  9.10e-04  5.6e-03  2.0e+00  1.1e-02  4.43e-01
    17   68 -3.546e+03  5.71e-04  8.23e-04  2.8e-03  2.0e+00  5.7e-03  9.04e-02
    18   70 -3.547e+03  2.89e-04  3.76e-04  8.1e-03  2.0e+00  1.7e-02  6.47e-02
    19   72 -3.547e+03  2.47e-05  3.57e-05  1.6e-03  1.8e+00  3.1e-03  4.33e-04
    20   73 -3.547e+03  2.95e-05  6.25e-05  1.7e-03  1.5e+00  3.1e-03  2.35e-04
    21   74 -3.547e+03  6.21e-06  1.09e-05  8.0e-04  0.0e+00  1.4e-03  1.09e-05
    22   75 -3.547e+03  1.63e-06  2.02e-06  5.7e-04  1.1e+00  1.4e-03  3.78e-06
    23   76 -3.547e+03  5.60e-07  9.16e-07  3.5e-04  0.0e+00  6.3e-04  9.16e-07
    24   77 -3.547e+03  9.14e-08  7.30e-08  8.9e-05  0.0e+00  1.6e-04  7.30e-08
    25   78 -3.547e+03  2.30e-10  2.94e-10  1.2e-05  0.0e+00  2.9e-05  2.94e-10
    26   79 -3.547e+03 -9.18e-11  1.64e-12  9.2e-07  0.0e+00  2.3e-06  1.64e-12

 ***** RELATIVE FUNCTION CONVERGENCE *****

 FUNCTION    -3.546765e+03   RELDX        9.204e-07
 FUNC. EVALS      79         GRAD. EVALS      26
 PRELDF       1.637e-12      NPRELDF      1.637e-12

     I      FINAL X(I)        D(I)          G(I)

     1    2.373868e-06     1.000e+00     4.157e+01
     2    9.723640e-02     1.000e+00     4.273e-03
     3    8.941176e-01     1.000e+00    -1.297e-03

