(array([    9319.26375747,    18638.52751494,    27957.79127242,
          55915.58254483,    65234.8463698 ,   130469.69260461,
         214343.06642187,   419366.86908626,   559155.82544835,
         726902.57308285,   941245.63950472,  1081034.5958668 ,
        1108992.38828663,   792137.41938516,   792137.41938516,
         605752.14423571,   633709.93550813,   521878.77041846,
         279577.91272417,   149108.22011956,    83873.37390403,
          46596.31878736,    46596.31878736,        0.        ,
           9319.26375747]),
 array([ 0.99996329,  0.9999634 ,  0.9999635 ,  0.99996361,  0.99996372,
        0.99996382,  0.99996393,  0.99996404,  0.99996415,  0.99996425,
        0.99996436,  0.99996447,  0.99996458,  0.99996468,  0.99996479,
        0.9999649 ,  0.999965  ,  0.99996511,  0.99996522,  0.99996533,
        0.99996543,  0.99996554,  0.99996565,  0.99996576,  0.99996586,
        0.99996597]),
 <a list of 25 Patch objects>)