(array([   22161.68628455,    44323.37256911,    55404.21571138,
          88646.74513822,   110808.43142277,   155131.80399188,
         332425.29426831,   565123.00025613,   487557.09826019,
         764578.17681711,   753497.33367484,   986195.03966265,
        1152407.68679681,   952952.51023582,   908629.13766671,
         886467.45138216,   842144.07881305,   731335.64739028,
         387829.50997969,   332425.29426831,   210536.01970326,
         121889.27456505,    99727.58828049,    44323.37256911,
          44323.37256911]),
 array([ 0.99996345,  0.99996354,  0.99996363,  0.99996372,  0.99996381,
        0.9999639 ,  0.99996399,  0.99996408,  0.99996417,  0.99996426,
        0.99996435,  0.99996444,  0.99996453,  0.99996462,  0.99996471,
        0.9999648 ,  0.99996489,  0.99996498,  0.99996507,  0.99996516,
        0.99996525,  0.99996534,  0.99996543,  0.99996552,  0.99996561,
        0.9999657 ]),
 <a list of 25 Patch objects>)