trying URL 'http://cran.cnr.Berkeley.edu/bin/macosx/contrib/3.0/tseries_0.10-32.tgz'
Content type 'application/x-gzip' length 308854 bytes (301 Kb)
opened URL
==================================================
downloaded 301 Kb


The downloaded binary packages are in
	/var/folders/vc/r5p1rx6x1275xdrjkcfv2mlc0000gn/T//RtmpB7Fcnh/downloaded_packages

    ‘tseries’ version: 0.10-32

    ‘tseries’ is a package for time series analysis and computational
    finance.

    See ‘library(help="tseries")’ for details.


 ***** ESTIMATION WITH ANALYTICAL GRADIENT ***** 


     I     INITIAL X(I)        D(I)

     1     1.033614e-04     1.000e+00
     2     5.000000e-02     1.000e+00
     3     5.000000e-02     1.000e+00

    IT   NF      F         RELDF    PRELDF    RELDX   STPPAR   D*STEP   NPRELDF
     0    1 -7.270e+03
     1    7 -7.270e+03  5.41e-05  5.75e-04  1.0e-04  4.2e+10  1.0e-05  1.20e+07
     2    8 -7.271e+03  1.13e-04  1.30e-04  4.8e-05  2.0e+00  5.0e-06  1.32e+01
     3    9 -7.271e+03  1.58e-06  1.48e-06  4.9e-05  2.0e+00  5.0e-06  1.33e+01
     4   17 -7.296e+03  3.37e-03  4.95e-03  4.5e-01  2.0e+00  8.2e-02  1.33e+01
     5   20 -7.361e+03  8.89e-03  7.72e-03  7.2e-01  2.0e+00  3.3e-01  2.35e+00
     6   22 -7.383e+03  2.98e-03  2.31e-03  7.7e-02  2.0e+00  6.6e-02  4.02e+00
     7   24 -7.423e+03  5.36e-03  5.63e-03  1.3e-01  2.0e+00  1.3e-01  5.75e+01
     8   26 -7.435e+03  1.68e-03  2.19e-03  4.7e-02  2.0e+00  5.8e-02  4.07e+01
     9   27 -7.441e+03  7.64e-04  2.26e-03  4.3e-02  2.0e+00  5.8e-02  5.00e+00
    10   29 -7.443e+03  2.94e-04  9.30e-04  7.1e-03  2.0e+00  1.0e-02  5.96e-01
    11   30 -7.445e+03  2.81e-04  4.77e-04  7.1e-03  2.0e+00  1.0e-02  2.31e-03
    12   31 -7.445e+03  4.30e-05  6.41e-05  7.0e-03  2.0e+00  1.0e-02  8.77e-03
    13   33 -7.445e+03  7.87e-07  1.74e-05  1.9e-03  2.0e+00  2.7e-03  7.74e-03
    14   34 -7.446e+03  1.55e-05  1.90e-05  9.8e-04  2.0e+00  1.4e-03  1.49e-03
    15   38 -7.461e+03  2.06e-03  1.02e-03  3.9e-02  0.0e+00  7.3e-02  1.02e-03
    16   40 -7.463e+03  2.82e-04  4.63e-04  1.9e-02  1.9e+00  2.9e-02  1.49e-02
    17   43 -7.488e+03  3.29e-03  3.28e-03  5.6e-02  1.1e+00  1.2e-01  3.55e-02
    18   45 -7.490e+03  2.50e-04  8.52e-04  1.1e-02  1.9e+00  2.3e-02  1.64e-02
    19   46 -7.497e+03  9.62e-04  9.86e-04  1.1e-02  1.9e+00  2.3e-02  1.22e-02
    20   48 -7.500e+03  4.20e-04  4.78e-04  1.0e-02  1.3e+00  2.3e-02  6.38e-03
    21   49 -7.502e+03  2.42e-04  3.06e-04  1.1e-02  1.2e+00  2.3e-02  9.78e-04
    22   50 -7.503e+03  1.33e-04  2.65e-04  9.4e-03  9.4e-01  2.3e-02  4.48e-04
    23   51 -7.503e+03  6.81e-06  2.54e-05  1.4e-03  0.0e+00  3.1e-03  2.54e-05
    24   52 -7.503e+03  7.75e-06  1.53e-05  1.5e-03  6.5e-01  3.1e-03  1.60e-05
    25   53 -7.503e+03  1.57e-06  4.89e-06  7.2e-04  0.0e+00  1.4e-03  4.89e-06
    26   54 -7.503e+03  1.60e-06  1.59e-06  6.6e-04  2.7e-02  1.4e-03  1.59e-06
    27   55 -7.503e+03  4.77e-09  7.95e-09  4.0e-05  0.0e+00  9.5e-05  7.95e-09
    28   56 -7.503e+03  2.93e-10  4.73e-10  1.4e-05  0.0e+00  3.7e-05  4.73e-10
    29   57 -7.503e+03  5.21e-11  1.42e-12  9.9e-07  0.0e+00  2.2e-06  1.42e-12
    30   58 -7.503e+03 -4.37e-12  1.12e-14  6.1e-08  0.0e+00  1.3e-07  1.12e-14

 ***** RELATIVE FUNCTION CONVERGENCE *****

 FUNCTION    -7.502876e+03   RELDX        6.127e-08
 FUNC. EVALS      58         GRAD. EVALS      30
 PRELDF       1.120e-14      NPRELDF      1.120e-14

     I      FINAL X(I)        D(I)          G(I)

     1    1.120162e-06     1.000e+00     5.122e+01
     2    6.861711e-02     1.000e+00     7.346e-04
     3    9.211163e-01     1.000e+00     1.032e-03

